0 0.237721 0.522645 0.0553406 0.0897823
0 0.371602 0.47355 0.0452027 0.0733733
0 0.929276 0.367095 0.0705731 0.107979
0 0.295683 0.489933 0.0484837 0.0640591
0 0.179677 0.412495 0.0365412 0.0583445
0 0.490704 0.484244 0.0378727 0.0585014
0 0.109695 0.400481 0.0413955 0.0773102
0 0.451524 0.471972 0.0446349 0.0756309
0 0.0250638 0.436674 0.0414632 0.0619499
0 0.0130386 0.381433 0.0260467 0.0668732
0 0.0371226 0.329132 0.0317902 0.0594254
0 0.927405 0.240369 0.0286894 0.0489158
0 0.0635052 0.327737 0.0314041 0.0653845
0 0.18412 0.477441 0.0414645 0.0635323
0 0.104313 0.331417 0.0289073 0.0595487
0 0.15374 0.390802 0.0247271 0.0451479
0 0.136358 0.360745 0.0234906 0.044132
0 0.165092 0.567586 0.073119 0.114514
0 0.00996725 0.324299 0.0197977 0.054032
0 0.241712 0.410593 0.0437949 0.057367
0 0.110863 0.475993 0.0800468 0.073409
0 0.581017 0.464387 0.045254 0.0637057
