0 0.155063 0.77683 0.0821991 0.154927
0 0.289003 0.676527 0.0691205 0.111367
0 0.247363 0.489663 0.0570282 0.0851698
0 0.101262 0.567531 0.073072 0.116873
0 0.0235768 0.385669 0.0471537 0.0920767
0 0.357679 0.352658 0.041741 0.0682823
0 0.311899 0.279234 0.0433175 0.0684152
0 0.146309 0.35915 0.0638232 0.0851384
0 0.829573 0.390258 0.0321743 0.060042
0 0.0380301 0.177647 0.0391909 0.0586552
0 0.129901 0.143433 0.0328084 0.0596613
0 0.248391 0.163328 0.0346899 0.0586033
0 0.902267 0.475318 0.0466263 0.0707643
0 0.421978 0.172706 0.035871 0.0583912
0 0.704553 0.399841 0.0316425 0.0580711
0 0.49548 0.253904 0.0341616 0.0613134
0 0.742912 0.314573 0.0391246 0.065461
0 0.618182 0.259221 0.0327026 0.0562357
0 0.462397 0.126991 0.031848 0.049378
0 0.412542 0.427239 0.0618246 0.0820737
0 0.43868 0.108291 0.0278837 0.0490688
0 0.030627 0.131286 0.0362233 0.0465004
0 0.412229 0.407141 0.0618578 0.122083
0 0.344715 0.103112 0.0289666 0.0543234
0 0.148175 0.276794 0.047016 0.0649644
0 0.484105 0.552774 0.0565067 0.0955644
