0 0.495216 0.604148 0.0944391 0.146569
0 0.813082 0.581638 0.0839449 0.10895
0 0.367471 0.470806 0.053348 0.0714717
0 0.563788 0.457108 0.0508829 0.08519
0 0.925889 0.544067 0.0691314 0.0798653
0 0.840094 0.418112 0.048066 0.0772886
0 0.0446739 0.69762 0.0893479 0.184083
0 0.510107 0.310775 0.0470216 0.053635
0 0.345545 0.41325 0.042604 0.0542073
0 0.195083 0.40677 0.053114 0.0546438
0 0.949386 0.43223 0.028902 0.0400866
0 0.923951 0.447742 0.0354967 0.0411931
0 0.624132 0.472845 0.0450165 0.0649182
0 0.765937 0.399505 0.0327301 0.0455797
