0 0.326082 0.832697 0.094518 0.218426
0 0.450089 0.721269 0.0856768 0.224095
0 0.604313 0.671817 0.0688806 0.215943
0 0.869284 0.594564 0.06638 0.146667
0 0.230875 0.370317 0.0537609 0.121171
0 0.953957 0.454897 0.0496298 0.0992735
0 0.360601 0.3929 0.0457009 0.107173
0 0.763764 0.370634 0.0418852 0.0878827
0 0.70253 0.399253 0.0488283 0.104439
0 0.83207 0.48576 0.0460056 0.0976576
0 0.90792 0.473525 0.0476272 0.11443
0 0.838486 0.383263 0.0364289 0.0866803
0 0.259527 0.153989 0.0435042 0.100413
0 0.658179 0.285648 0.0368598 0.0823592
0 0.118638 0.407799 0.0958814 0.148332
0 0.606628 0.299664 0.0362602 0.0796753
0 0.630332 0.386225 0.0432467 0.0880338
0 0.195705 0.144077 0.0438846 0.0965152
0 0.298899 0.249881 0.0372528 0.084414
0 0.604644 0.172847 0.0275209 0.0705841
0 0.118817 0.366049 0.0954299 0.232604
0 0.102317 0.141672 0.0513543 0.10616
0 0.410115 0.15774 0.0325374 0.0691254
0 0.467415 0.165748 0.0296335 0.0882685
0 0.0672462 0.0814462 0.0376867 0.0850222
0 0.248151 0.30536 0.0436682 0.0838631
0 0.584445 0.126066 0.0302895 0.0655706
0 0.442464 0.102645 0.0350095 0.0748119
0 0.485893 0.102438 0.028865 0.0693389
0 0.534897 0.129301 0.0329742 0.0729429
0 0.557716 0.218905 0.038149 0.083204
0 0.766824 0.52175 0.064809 0.115821
0 0.548621 0.326418 0.0326433 0.0814853
0 0.0147095 0.098328 0.0292689 0.101849
0 0.380011 0.29391 0.0431434 0.0931569
0 0.126233 0.295428 0.0670358 0.104317
0 0.33007 0.173002 0.0290096 0.0656919
