0 0.75165 0.590319 0.0509975 0.0844428
0 0.46238 0.581741 0.0444679 0.0734126
0 0.522533 0.569368 0.0449915 0.0797121
0 0.807882 0.510054 0.0405404 0.0675196
0 0.6358 0.508338 0.046126 0.0603175
0 0.640629 0.575424 0.0567968 0.0715779
0 0.103405 0.518952 0.0813664 0.143636
0 0.243377 0.567542 0.0429315 0.0633278
0 0.873149 0.466888 0.041868 0.0602862
0 0.224958 0.511819 0.0443998 0.0614338
0 0.488638 0.512514 0.0386579 0.0612367
0 0.796761 0.400967 0.0394904 0.0630857
0 0.579981 0.454718 0.0356306 0.0550643
0 0.308994 0.463878 0.0351062 0.0530616
0 0.73195 0.464724 0.0328355 0.0502243
0 0.736514 0.52017 0.0404043 0.0635827
0 0.840273 0.415367 0.0386212 0.0556305
0 0.887775 0.405968 0.0442755 0.0692755
0 0.594212 0.412924 0.0337408 0.0482499
0 0.290293 0.504852 0.0362382 0.0520827
0 0.715909 0.424146 0.0388141 0.0535611
