0 0.319531 0.504861 0.043750 0.073611
0 0.196094 0.513194 0.046875 0.070833
0 0.249609 0.354861 0.041406 0.065278
0 0.212500 0.259028 0.029687 0.054167
0 0.194531 0.213889 0.021875 0.044444
0 0.147656 0.366667 0.020313 0.047222
0 0.138672 0.292361 0.010156 0.045833
0 0.653516 0.153472 0.021094 0.045833
0 0.605078 0.191667 0.022656 0.041667
0 0.714063 0.240972 0.026562 0.045833
0 0.759766 0.254167 0.022656 0.041667
0 0.843359 0.351389 0.030469 0.058333
0 0.924609 0.430556 0.025781 0.061111
0 0.792578 0.348611 0.025781 0.058333
0 0.369922 0.224306 0.028906 0.051389
0 0.392578 0.284722 0.024219 0.047222
0 0.558203 0.363889 0.033594 0.075000
0 0.664844 0.483333 0.034375 0.080556
0 0.720703 0.611111 0.035156 0.097222
0 0.583594 0.599306 0.032813 0.076389
0 0.620313 0.622222 0.045312 0.088889
0 0.655859 0.743056 0.057031 0.111111
0 0.977344 0.460417 0.042188 0.120833
0 0.517188 0.378472 0.031250 0.070833
0 0.469531 0.365278 0.035937 0.072222
0 0.461719 0.275000 0.029687 0.052778
0 0.441016 0.237500 0.022656 0.061111
0 0.399609 0.238889 0.022656 0.058333
0 0.720703 0.295139 0.030469 0.034722
