0 0.161667 0.185714 0.035000 0.076190
0 0.034167 0.250000 0.043333 0.061905
0 0.232917 0.195238 0.039167 0.088889
0 0.305833 0.081746 0.028333 0.055556
0 0.345417 0.081746 0.020833 0.046032
0 0.371250 0.063492 0.030833 0.063492
0 0.321667 0.241270 0.033333 0.088889
0 0.378750 0.265079 0.049167 0.092063
0 0.367917 0.641270 0.070833 0.152381
0 0.465417 0.350794 0.054167 0.101587
0 0.577917 0.396032 0.057500 0.138095
0 0.679583 0.499206 0.070833 0.147619
0 0.964583 0.736508 0.070833 0.238095
0 0.821250 0.214286 0.049167 0.111111
0 0.913333 0.112698 0.045000 0.104762
0 0.795000 0.080159 0.043333 0.096825
0 0.681250 0.034127 0.037500 0.052381
0 0.675833 0.151587 0.041667 0.122222
0 0.604583 0.052381 0.039167 0.085714
0 0.533333 0.042857 0.030000 0.063492
0 0.569167 0.158730 0.036667 0.111111
0 0.503333 0.120635 0.040000 0.076190
0 0.443750 0.131746 0.032500 0.085714
0 0.492083 0.038095 0.029167 0.060317
0 0.396667 0.026190 0.025000 0.042857
0 0.237083 0.039683 0.020833 0.041270
0 0.210417 0.037302 0.017500 0.042857
0 0.189167 0.030159 0.016667 0.047619
0 0.160417 0.028571 0.020833 0.038095
