0 0.695500 0.207457 0.029000 0.078394
0 0.847000 0.281071 0.034000 0.099426
0 0.911500 0.327916 0.041000 0.112811
0 0.965000 0.350860 0.038000 0.108987
0 0.788000 0.305927 0.048000 0.107075
0 0.872000 0.456979 0.060000 0.133843
0 0.628000 0.262906 0.038000 0.097514
0 0.526000 0.280115 0.054000 0.116635
0 0.424500 0.253346 0.045000 0.093690
0 0.381500 0.245698 0.043000 0.086042
0 0.481000 0.606119 0.102000 0.229446
0 0.675500 0.379541 0.043000 0.116635
0 0.730000 0.319312 0.046000 0.099426
0 0.768500 0.421606 0.063000 0.135755
0 0.306000 0.405354 0.068000 0.137667
0 0.294500 0.666348 0.123000 0.265774
0 0.178500 0.168260 0.093000 0.149140
0 0.149000 0.330784 0.092000 0.160612
0 0.049000 0.214149 0.072000 0.103250
0 0.023000 0.280115 0.044000 0.166348
