0 0.271094 0.619444 0.054688 0.094444
0 0.510547 0.598611 0.053906 0.083333
0 0.978516 0.581944 0.042969 0.105556
0 0.977734 0.725000 0.044531 0.161111
0 0.882031 0.615972 0.056250 0.126389
0 0.780859 0.603472 0.046094 0.076389
0 0.609375 0.602083 0.021875 0.051389
0 0.576172 0.611111 0.035156 0.083333
0 0.422656 0.606944 0.048438 0.069444
0 0.351172 0.678472 0.046094 0.101389
0 0.608984 0.686806 0.060156 0.129167
0 0.646094 0.630556 0.043750 0.097222
0 0.741797 0.618750 0.028906 0.065278
0 0.729688 0.705556 0.114062 0.202778
0 0.528125 0.823611 0.103125 0.213889
0 0.403516 0.704861 0.055469 0.151389
0 0.219531 0.675694 0.062500 0.120833
0 0.062891 0.675000 0.063281 0.138889
0 0.112109 0.625000 0.042969 0.094444
0 0.159766 0.728472 0.069531 0.190278
