0 0.240000 0.138978 0.040000 0.054313
0 0.331250 0.146965 0.042500 0.051118
0 0.058750 0.239617 0.067500 0.076677
0 0.183750 0.314696 0.062500 0.079872
0 0.078750 0.461661 0.087500 0.162939
0 0.383750 0.392971 0.092500 0.159744
0 0.412500 0.672524 0.115000 0.220447
0 0.585000 0.560703 0.090000 0.201278
0 0.663750 0.322684 0.062500 0.140575
0 0.522500 0.081470 0.035000 0.067093
0 0.563750 0.079872 0.037500 0.070288
0 0.632500 0.097444 0.045000 0.073482
0 0.683750 0.111821 0.037500 0.076677
0 0.973750 0.159744 0.047500 0.083067
0 0.966250 0.282748 0.057500 0.111821
0 0.833750 0.301917 0.067500 0.111821
0 0.727500 0.242812 0.055000 0.083067
0 0.536250 0.191693 0.052500 0.083067
0 0.461250 0.166134 0.052500 0.076677
0 0.456250 0.249201 0.057500 0.083067
0 0.868750 0.103834 0.042500 0.060703
0 0.832500 0.151757 0.040000 0.054313
