0 0.522897 0.350862 0.042056 0.146552
0 0.486449 0.365517 0.032710 0.131034
0 0.417757 0.381034 0.037383 0.158621
0 0.446729 0.433621 0.037383 0.139655
0 0.366355 0.368103 0.029907 0.105172
0 0.314486 0.365517 0.032710 0.103448
0 0.336449 0.436207 0.035514 0.120690
0 0.278037 0.422414 0.045794 0.120690
0 0.192056 0.393966 0.040187 0.112069
0 0.214953 0.462069 0.033645 0.100000
0 0.057477 0.215517 0.113084 0.262069
0 0.760748 0.446552 0.059813 0.134483
0 0.816822 0.453448 0.022430 0.120690
0 0.828972 0.473276 0.028037 0.098276
0 0.859813 0.473276 0.054206 0.118966
0 0.852336 0.629310 0.084112 0.196552
0 0.923832 0.484483 0.043925 0.127586
0 0.963551 0.583621 0.056075 0.160345
0 0.989252 0.764655 0.021495 0.198276
0 0.873364 0.897414 0.122430 0.205172
0 0.622430 0.535345 0.069159 0.177586
0 0.442523 0.636207 0.077570 0.186207
0 0.512617 0.702586 0.064486 0.205172
0 0.580374 0.722414 0.080374 0.282759
0 0.711215 0.753448 0.097196 0.265517
0 0.729439 0.568966 0.077570 0.175862
