0 0.315000 0.290000 0.050000 0.090000
0 0.443333 0.340000 0.053333 0.080000
0 0.611667 0.385000 0.050000 0.080000
0 0.821667 0.290000 0.130000 0.210000
0 0.765000 0.432500 0.036667 0.085000
0 0.713333 0.487500 0.053333 0.085000
0 0.641667 0.477500 0.050000 0.085000
0 0.538333 0.407500 0.050000 0.075000
0 0.581667 0.475000 0.050000 0.090000
0 0.513333 0.470000 0.060000 0.100000
0 0.458333 0.420000 0.050000 0.090000
0 0.363333 0.360000 0.046667 0.080000
0 0.093333 0.287500 0.066667 0.075000
0 0.180000 0.312500 0.053333 0.075000
0 0.250000 0.347500 0.046667 0.085000
0 0.335000 0.412500 0.036667 0.055000
0 0.400000 0.430000 0.046667 0.080000
0 0.470000 0.490000 0.046667 0.080000
0 0.405000 0.520000 0.056667 0.090000
0 0.341667 0.495000 0.063333 0.110000
0 0.275000 0.405000 0.043333 0.090000
0 0.190000 0.410000 0.053333 0.090000
0 0.150000 0.355000 0.060000 0.070000
0 0.018333 0.307500 0.030000 0.065000
0 0.073333 0.360000 0.046667 0.090000
0 0.053333 0.460000 0.060000 0.120000
0 0.128333 0.430000 0.056667 0.110000
0 0.288333 0.540000 0.070000 0.130000
0 0.211667 0.547500 0.090000 0.115000
0 0.046667 0.695000 0.086667 0.200000
0 0.151667 0.587500 0.110000 0.125000
0 0.161667 0.742500 0.136667 0.215000
0 0.113333 0.925000 0.220000 0.150000
