0 0.403333 0.065714 0.026667 0.057143
0 0.316667 0.068571 0.033333 0.040000
0 0.500000 0.154286 0.033333 0.045714
0 0.471667 0.194286 0.026667 0.057143
0 0.511667 0.255714 0.036667 0.054286
0 0.387500 0.194286 0.041667 0.068571
0 0.400833 0.275714 0.045000 0.100000
0 0.325833 0.191429 0.031667 0.057143
0 0.298333 0.278571 0.043333 0.111429
0 0.274167 0.218571 0.031667 0.077143
0 0.269167 0.160000 0.035000 0.074286
0 0.225000 0.152857 0.023333 0.088571
0 0.196667 0.158571 0.020000 0.054286
0 0.164167 0.144286 0.028333 0.065714
0 0.189167 0.211429 0.031667 0.080000
0 0.136667 0.167143 0.026667 0.060000
0 0.098333 0.140000 0.033333 0.074286
0 0.042500 0.167143 0.031667 0.077143
0 0.015833 0.147143 0.028333 0.048571
0 0.016667 0.217143 0.030000 0.068571
0 0.142500 0.262857 0.051667 0.091429
0 0.115833 0.211429 0.038333 0.062857
0 0.248333 0.437143 0.103333 0.171429
0 0.783333 0.664286 0.170000 0.288571
0 0.874167 0.444286 0.065000 0.162857
0 0.965000 0.230000 0.060000 0.111429
0 0.915000 0.217143 0.056667 0.102857
0 0.844167 0.202857 0.051667 0.091429
0 0.699167 0.270000 0.048333 0.105714
0 0.641667 0.255714 0.053333 0.100000
0 0.610000 0.218571 0.026667 0.065714
0 0.664167 0.191429 0.035000 0.057143
0 0.746667 0.258571 0.036667 0.065714
0 0.929167 0.340000 0.065000 0.097143
0 0.893333 0.310000 0.046667 0.100000
