0 0.530000 0.223333 0.065000 0.086667
0 0.613750 0.246667 0.057500 0.060000
0 0.693750 0.248333 0.057500 0.076667
0 0.786250 0.290000 0.047500 0.073333
0 0.953750 0.326667 0.052500 0.080000
0 0.868750 0.265000 0.107500 0.176667
0 0.766250 0.368333 0.067500 0.103333
0 0.675000 0.300000 0.045000 0.093333
0 0.596250 0.315000 0.052500 0.083333
0 0.608750 0.406667 0.097500 0.113333
0 0.503750 0.295000 0.047500 0.070000
0 0.422500 0.215000 0.040000 0.056667
0 0.410000 0.273333 0.065000 0.080000
0 0.467500 0.406667 0.090000 0.140000
0 0.372500 0.341667 0.085000 0.096667
0 0.282500 0.288333 0.065000 0.076667
0 0.246250 0.230000 0.052500 0.080000
0 0.210000 0.233333 0.050000 0.080000
0 0.132500 0.228333 0.040000 0.076667
0 0.171250 0.228333 0.042500 0.070000
0 0.180000 0.288333 0.045000 0.063333
0 0.155000 0.318333 0.070000 0.070000
0 0.211250 0.455000 0.107500 0.096667
0 0.137500 0.376667 0.080000 0.100000
0 0.061250 0.308333 0.067500 0.070000
0 0.053750 0.246667 0.077500 0.060000
