0 0.770000 0.242778 0.051250 0.123333
0 0.825937 0.247222 0.054375 0.114444
0 0.908438 0.263889 0.081875 0.101111
0 0.895625 0.358333 0.067500 0.127778
0 0.826562 0.539444 0.105625 0.236667
0 0.734375 0.381667 0.058750 0.152222
0 0.688438 0.231111 0.039375 0.095556
0 0.667813 0.307222 0.044375 0.101111
0 0.659062 0.472778 0.098125 0.196667
0 0.589375 0.280000 0.047500 0.104444
0 0.535937 0.270556 0.040625 0.130000
0 0.493750 0.260556 0.060000 0.114444
0 0.506250 0.418889 0.090000 0.184444
0 0.400313 0.383889 0.073125 0.165556
0 0.331250 0.312778 0.060000 0.105556
0 0.275938 0.293333 0.049375 0.135556
0 0.250625 0.245000 0.032500 0.101111
0 0.170625 0.231111 0.085000 0.184444
0 0.134687 0.866667 0.214375 0.266667
0 0.068125 0.696667 0.122500 0.237778
0 0.023125 0.558889 0.045000 0.215556
